C: 5.0
gamma: 0.001
kernel: rbf
test_auc: 0.8250544754415271
test_bal_acc: 0.6685640185640186
val_auc: 0.7806287761531419
val_bal_acc: 0.674779541446208
