alpha: 50.0
best_val_mae: 4.288858049673944
condition: base_lag
l1_ratio: 0.5
max_iter: 10000
metrics:
  test:
    between_r2: -0.04367022641175433
    mae: 4.584079900898391
    rmse: 7.39031799727546
    within_r2: -0.042171704515853836
  train:
    between_r2: -0.04584105033892638
    mae: 4.648811898506868
    rmse: 7.339559543178646
    within_r2: 0.018576548832532236
  val:
    between_r2: -0.11715782228561378
    mae: 4.288858049673944
    rmse: 6.568311384512891
    within_r2: -0.018209782851069223
n_features: 38
n_test_samples: 411
n_trainval_samples: 1591
trained_on: train+val
